image_width: 1280
image_height: 960
camera_name: camera
camera_matrix:
  rows: 3
  cols: 3
  data: [806.590048, 0.000000, 311.286967, 0.000000, 805.496197, 234.019374, 0.000000, 0.000000, 1.000000]
distortion_model: plumb_bob
distortion_coefficients:
  rows: 1
  cols: 5
  data: [-0.055833, 0.203815, 0.006775, -0.002187, 0.000000]
rectification_matrix:
  rows: 3
  cols: 3
  data: [1.000000, 0.000000, 0.000000, 0.000000, 1.000000, 0.000000, 0.000000, 0.000000, 1.000000]
projection_matrix:
  rows: 3
  cols: 4
  data: [807.493286, 0.000000, 309.952358, 0.000000, 0.000000, 804.023499, 235.760118, 0.000000, 0.000000, 0.000000, 1.000000, 0.000000]

